100001614221429
100002725788490
100003445168195
100004815222888
100005506242305
100005780387425
100005896334707
100006016997029
100006239265558
100006638111788
100006709246631
100007402082384
100007457973631
100007516358787
100007667354147
100007717325369
100007919656893
100007926370620
100007950587059
100008082097262
100008549323890
100008981435088
100009059944020
100009093477948
100009165212046
100009195584607
100009197241999
100009314487936
100009326256378
100009396960439
100009461606816
100009572190985
100009580802166
100009652184910
100009667095701
100009668558998
100009670124559
100009670338443
100009761594087
100009800196206
100009810733901
100009847866321
100009906589240
100009977535289
100009993450574
100010014640676
100010025141679
100010027654357
100010047432999
100010159719651
100010225036759
100010233018985
100010301866752
100010320436219
100010335573677
100010387334383
100010466913781
100010471303751
100010543418784
100010731758636
100010744306925
100010815181348
100010851961763
100010917511595
100010982056537
100011056265358
100011098773688
100011136700143
100011202402387
100011336117235
100011341053774
100011346618079
100011363944729
100011377798407
100011384560277
100011395250803
100011404743875
100011409012439
100011441846268
100011443956272
100011475262822
100011521262323
100011597867913
100011626670556
100011630498475
100011667796938
100011970781498
100011996830151
100012047260734
100012047407748
100012105765294
100012134590700
100012155228377
100012166158192
100012173712833
100012183044084
100012183399124
100012192606436
100012219425224
100012281948594
100012327578232
100012327796660
100012332261744
100012402361663
100012426576459
100012455202576
100012469308230
100012572862215
100012592998467
100012598873384
100012632162549
100012655366756
100012667182517
100012682698869
100012684935409
100012704346898
100012729162235
100012732433881
100012759343475
100012807931614
100012826217061
100012848354613
100012850935832
100012910392536
100012954970839
100012996997692
100013071793445
100013106614688
100013115079640
100013180743637
100013203914074
100013205132633
100013245848352
100013249412420
100013351415206
100013372567438
100013414711403
100013421013346
100013476944401
100013481147974
100013525112298
100013577137737
100013606939285
100013626287231
100013637973687
100013702364338
100013758092149
100013766945741
100013842259202
100013854406434
100013875608475
100013915624556
100013917616023
100013920755094
100013926912624
100013947940647
100013969652751
100013985827413
100013998881052
100014028555909
100014037191351
100014044337146
100014112094255
100014113392472
100014123259858
100014139797736
100014183740756
100014202811424
100014254025568
100014296031957
100014311233570
100014317111662
100014366677598
100014371533661
100014440718295
100014447924436
100014477749006
100014491687648
100014536750875
100014565731654
100014588166294
100014605655806
100014609584251
100014627738439
100014658702160
100014679277456
100014734361035
100014770230937
100014841155216
100014873203234
100014873868973
100014954295438
100014954713311
100014955637029
100014983981760
100015019150694
100015059862529
100015079054477
100015199668170
100015211022952
100015221747380
100015253274776
100015360108447
100015383418611
100015447404505
100015471098604
100015505601738
100015594729104
100015615648479
100015617592087
100015799900162
100015820334852
100015862213181
100015894701715
100015906796114
100015918587009
100015920109842
100015946240763
100015966226668
100015967805769
100015981546737
100015996168143
100015997172550
100016073342390
100016101937655
100016133415687
100016143498069
100016334191333
100016574250795
100016628650509
100016673642774
100016687214220
100016716283235
100016763807039
100016773584080
100016807322896
100016814553916
100016828219456
100016832768017
100016842968560
100016863947891
100016871973183
100016884030119
100017008599336
100017094784568
100017207316460
100017353848816
100017431724817
100017475517366
100017518603766
100017650230731
100017740693390
100017755834370
100017812607143
100017906262271
100017957988531
100017964790605
100017997368069
100018029830386
100018197479246
100018303102562
100018333872001
100018354559132
100018361759102
100018380224606
100018381819398
100018516225040
100018521538525
100018522289197
100018620130523
100018656204369
100018804874115
100018867452418
100018892269307
100019277527587
100019296160457
100019301954572
100019341495334
100019362668385
100019478911913
100019484085609
100019493255132
100019647511410
100019843807059
100019856882867
100019868913065
100020203395046
100020284921888
100020625694850
100020793397470
100021040025123
100021133533765
100021337027413
100021469152785
100021508691798
100021531345395
100021539054728
100021545900776
100021621169969
100021635902894
100021675080289
100021677646471
100021717016403
100021735091778
100021757487439
100021784779747
100021790641863
100021818795866
100021841896595
100021883182074
100021902402012
100021904521537
100021908764128
100021940300702
100021998537833
100022007915876
100022032488189
100022043170585
100022058108722
100022088170594
100022108249126
100022112563885
100022136775244
100022138853531
100022181290241
100022190082354
100022247328580
100022277075049
100022290402499
100022301894376
100022305242906
100022316164631
100022339505450
100022370505083
100022384636739
100022386469040
100022400288999
100022461766085
100022488493926
100022507692612
100022562406941
100022570640533
100022610861304
100022670694232
100022687728180
100022690065337
100022698801852
100022781272679
100022794271423
100022797732610
100022835414243
100022838970204
100022842344894
100022936416736
100022950228301
100022994042723
100023029087909
100023033153839
100023087411308
100023144235448
100023171230019
100023264490412
100023305802969
100023324119719
100023340544016
100023355306257
100023438107221
100023438181350
100023451933700
100023537025105
100023556004411
100023740480746
100023808275204
100023826880453
100023835904173
100023844218661
100023851344063
100023903053555
100023995132342
100024029630209
100024031004942
100024059389988
100024082366246
100024117889869
100024189649295
100024216013127
100024230093970
100024235996406
100024237276483
100024248801595
100024271216406
100024289021118
100024290646321
100024290678227
100024291343795
100024297285462
100024338760221
100024408240914
100024409329065
100024434194439
100024443154001
100024450000010
100024477513512
100024494808547
100024505900315
100024549790114
100024567889384
100024596280583
100024656750766
100024659831831
100024670034277
100024678934630
100024694869151
100024842619324
100024869582159
100024879919992
100024884468524
100024890730223
100024908321355
100024933422158
100024982177917
100024996405916
100025041035801
100025053774351
100025081608203
100025114747285
100025256865860
100025275171648
100025347380046
100025349085326
100025398270342
100025404258471
100025421460456
100025449434621
100025475451081
100025483371688
100025496370095
100025520265786
100025521125396
100025570943253
100025577092018
100025633117380
100025680378384
100025688927908
100025700932307
100025705721752
100025708901902
100025747876798
100025856871491
100025873082295
100025962512915
100026019556773
100026047494045
100026109084329
100026121671447
100026163217014
100026218338022
100026300806239
100026308911181
100026364878853
100026374203723
100026392906483
100026404770330
100026413733374
100026417384981
100026419458255
100026423615995
100026449313967
100026460093226
100026471499783
100026545920070
100026566539083
100026575583693
100026653060693
100026678196705
100026680995597
100026692777869
100026702174787
100026702991782
100026808493372
100026843857132
100026942268715
100027003011861
100027022404193
100027064129588
100027085722392
100027142163088
100027166112770
100027180191104
100027205154743
100027209483080
100027221132993
100027223959845
100027244155476
100027256659703
100027302974140
100027304881360
100027361456557
100027393666080
100027438195338
100027438759495
100027446214145
100027527079757
100027563982340
100027567765811
100027568493612
100027573155422
100027633046227
100027722873567
100027762585861
100027764322012
100027772569546
100027783780468
100027794019986
100027826533377
100027908595255
100027960270186
100027990813782
100027996013006
100028018493497
100028036266936
100028076288092
100028096110299
100028117351747
100028121749416
100028188240319
100028209697245
100028230922200
100028234391910
100028264486243
100028333091217
100028347510770
100028347517938
100028357821115
100028406012137
100028445918700
100028520550389
100028541354265
100028576150120
100028590351991
100028602282843
100028622268760
100028629570483
100028639121069
100028676525383
100028683189829
100028723801123
100028781987571
100028785384363
100028787443292
100028790255620
100028839414183
100028855733727
100028960810711
100028993571936
100029155759083
100029170930156
100029221096327
100029233520236
100029248192380
100029254990215
100029270851278
100029282532879
100029286271402
100029311354076
100029320554230
100029341533428
100029342481000
100029353154003
100029355174299
100029384168414
100029394183638
100029400142142
100029430842688
100029448972058
100029449279647
100029460330169
100029462649618
100029466908686
100029531982385
100029577773490
100029664811971
100029701452116
100029705614481
100029723297142
100029734008420
100029743267664
100029801796201
100029914500650
100029916531793
100029952604360
100030017854276
100030057947823
100030081586345
100030106501979
100030119285166
100030139890707
100030218775233
100030243729815
100030356310452
100030367744071
100030382182365
100030430484304
100030448970955
100030460489654
100030467973485
100030501019263
100030531946248
100030552424700
100030604129698
100030612367376
100030639439952
100030643538283
100030682300110
100030684032380
100030731833572
100030811693393
100030826088071
100030896101475
100030970638346
100031012742242
100031091738616
100031110420782
100031115070537
100031132324423
100031147552811
100031182233994
100031224863587
100031351500175
100031385833070
100031440215161
100031522248109
100031624293650
100031750688600
100031773700247
100031837103493
100031849492273
100031871261633
100031986852254
100032014672677
100032072133905
100032089733851
100032146912516
100032372827285
100032380059874
100032390690215
100032393029885
100032433092097
100032449568565
100032522236425
100032572327866
100032668008008
100032671898887
100032748881759
100032812281007
100032856751001
100032934348578
100032980271815
100033058321522
100033153529385
100033156077301
100033258259247
100033262964934
100033276790917
100033302254310
100033316234537
100033318100189
100033342264052
100033351846134
100033353020250
100033369187654
100033412816936
100033450742610
100033462065307
100033538582288
100033547881408
100033556808164
100033568065242
100033616192460
100033697930989
100033698839492
100033730832464
100033744306716
100033746209416
100033756593774
100033785645002
100033791653984
100033799810186
100033832802488
100033871401876
100033874419545
100033876270137
100033893881818
100033947255802
100033986214378
100033997064471
100034030950746
100034045880439
100034067678643
100034075839054
100034098218336
100034140783072
100034165812928
100034191541847
100034217520289
100034225005273
100034235354049
100034249567566
100034307151498
100034311845319
100034357051514
100034358686800
100034380064360
100034413414091
100034414521801
100034419262882
100034423671972
100034436057378
100034510599063
100034527256697
100034537513446
100034588510515
100034588712283
100034601672247
100034616884441
100034623222914
100034624865069
100034630630861
100034656083559
100034685223771
100034692369140
100034698421740
100034700568009
100034723818556
100034724625909
100034746405976
100034778361634
100034779964188
100034812374275
100034834115799
100034834500777
100034841709380
100034859794085
100034900242161
100034901251062
100034913490444
100034938543929
100035007155910
100035034750993
100035050116843
100035101573729
100035104302096
100035131427177
100035133099841
100035136769789
100035137701630
100035142661130
100035145803755
100035146515363
100035170221455
100035173110447
100035182174188
100035182540379
100035192803873
100035196170233
100035201503135
100035240628850
100035283514109
100035321257868
100035334470849
100035364186465
100035413593580
100035431002028
100035436825663
100035465830034
100035476719391
100035510435909
100035511503642
100035565311496
100035576783660
100035628585971
100035643310683
100035644600879
100035656309712
100035657680441
100035672435360
100035700790989
100035701726852
100035726559542
100035734520629
100035737321310
100035738973092
100035743265993
100035759327791
100035765379192
100035786700542
100035823246157
100035824210069
100035835467959
100035835527832
100035862770422
100035881716442
100035897772868
100035918170889
100035931155230
100035938952637
100035977068745
100035981974805
100036016478037
100036019461231
100036028131139
100036057204355
100036067441051
100036081109413
100036086594450
100036090951026
100036091373107
100036103520120
100036104643303
100036166689438
100036168078993
100036180684369
100036189647352
100036205144097
100036261551476
100036295962689
100036336552391
100036394308796
100036395432372
100036420070651
100036425437699
100036428509389
100036436275922
100036442627039
100036443642657
100036512523055
100036579076835
100036592711068
100036600622521
100036642736252
100036645064843
100036671119331
100036731869671
100036762993537
100036862937309
100036863588606
100036878352920
100036922631253
100036941982245
100036950774293
100036954594178
100036966033569
100036975350488
100036979834378
100036988689567
100037004566610
100037019830067
100037026040411
100037028374360
100037039095040
100037043444003
100037054221821
100037055715296
100037058360517
100037068906725
100037087630938
100037127703600
100037148993823
100037155795572
100037180565241
100037233195221
100037247985343
100037270280575
100037283581750
100037380454313
100037439092859
100037469133352
100037484182010
100037484280660
100037505411525
100037505497487
100037527381319
100037557320268
100037563693144
100037570943798
100037577423435
100037630338519
100037634861812
100037648354785
100037669693675
100037681140431
100037684148396
100037722786470
100037756005570
100037767091850
100037805534374
100037822113835
100037837593883
100037843700110
100037884323985
100037884930519
100037911648139
100037922813412
100037956589029
100037968994933
100037984972167
100038059153968
100038074506739
100038078597178
100038090827605
100038104770603
100038113480006
100038116002995
100038125986840
100038167760634
100038196368258
100038241066048
100038264122239
100038270570220
100038279774452
100038291028837
100038349853455
100038359171775
100038391677608
100038414435568
100038423859812
100038441390569
100038453421881
100038458263087
100038475281745
100038500412619
100038504784029
100038529486248
100038599220188
100038604564371
100038612690463
100038632959484
100038642500751
100038651392831
100038663507259
100038672953429
100038676261886
100038706123784
100038716821601
100038717769646
100038745730271
100038752278995
100038784559951
100038797995018
100038847308724
100038860208088
100038900301870
100038911920910
100038932782257
100038951868564
100038983042455
100039003330034
100039041723589
100039043811870
100039059496121
100039071342280
100039090511470
100039099660479
100039112747484
100039141609973
100039142903954
100039152019161
100039159216764
100039169577767
100039215372782
100039231800182
100039243699825
100039248568363
100039255450621
100039287962717
100039295780803
100039300070662
100039308976460
100039309093057
100039323945532
100039338421957
100039351936592
100039354642668
100039424275700
100039430007669
100039450515096
100039453192631
100039466323525
100039478774621
100039515040227
100039515199579
100039520483135
100039560762505
100039570343608
100039603157049
100039726679763
100039744375136
100039762884579
100039773541037
100039779718006
100039781892117
100039803017420
100039819095492
100039846923769
100039919364825
100039922242942
100039935862209
100039965116135
100039998764572
100040039246174
100040109589573
100040156489119
100040157416499
100040175773113
100040215855856
100040221414311
100040226556925
100040307927565
100040328287770
100040359854496
100040364592170
100040412882896
100040422994150
100040470861742
100040480670000
100040553033031
100040586109841
100040616162918
100040626773455
100040631978960
100040635098368
100040637694258
100040657691297
100040658231551
100040665545357
100040668938673
100040670900663
100040689133291
100040713083844
100040753090090
100040753598140
100040754598593
100040823652249
100040838824823
100040840714155
100040851301533
100040870147898
100040877452031
100040907162866
100040914620140
100040916152257
100040919077162
100040932889850
100040937344475
100040937623612
100040978958969
100040979433324
100041000139585
100041054646407
100041060182990
100041062110831
100041096313194
100041125834267
100041137791657
100041145154603
100041153146472
100041157407145
100041158841211
100041162151095
100041174320768
100041179683164
100041185176402
100041205607393
100041223253443
100041224082084
100041224333374
100041230787610
100041238462440
100041250330372
100041280440423
100041281172918
100041281980492
100041304920047
100041316578937
100041337608158
100041349677705
100041356411056
100041384311014
100041403620752
100041405831985
100041417453418
100041451811049
100041462042939
100041465363319
100041479339408
100041486132474
100041491365084
100041501028445
100041502180183
100041502882682
100041516760601
100041532904995
100041541289622
100041572244209
100041590542003
100041598998507
100041599062261
100041616724631
100041618325372
100041623740945
100041646907258
100041649382223
100041663563319
100041668985620
100041669025889
100041674036929
100041687900663
100041696404139
100041710218476
100041721222771
100041726062343
100041742666058
100041744340206
100041747972935
100041754390015
100041759674084
100041762131645
100041773311498
100041775982218
100041779972842
100041789680647
100041792586227
100041795481517
100041832166490
100041833297722
100041838195712
100041838670557
100041838842082
100041863323584
100041875702648
100041878501192
100041880884701
100041885780298
100041890487284
100041912315959
100041934469186
100041961932074
100041975160110
100041998900669
100042028145090
100042028411129
100042058863343
100042127500686
100042166121319
100042177873768
100042182645184
100042209736160
100042211839596
100042253020713
100042288395855
